1 1 1
1 2 0.503955
1 3 0.513092
1 4 0.537948
1 5 0.581408
1 6 0.458547
1 7 0.576884
1 8 0.565729
1 9 0.513429
1 10 0.475135
1 11 0.74011
1 12 0.516833
1 13 0.494158
1 14 0.502914
1 15 0.669445
1 16 0.471279
1 17 0.524219
1 18 0.570661
1 19 0.549789
1 20 0.468768
1 21 0.622384
1 22 0.5428
1 23 0.45375
1 24 0.485608
1 25 0.421764
1 26 0.383147
1 27 0.355225
1 28 0.310504
1 29 0.294907
1 30 0.252057
1 31 0.239109
1 32 0.237203
1 33 0.201075
1 34 0.18195
1 35 0.148215
1 36 0.11992
1 37 0.105208
1 38 0.107504
1 39 0.0710067
1 40 0.0593226
1 41 0.0429083
1 42 0.0187456
1 43 0.0237961
1 44 0.0197278
1 45 0.0111538
1 46 0.0104326
1 47 0
1 48 0.00827254
1 49 0.00273172
1 50 0.000963292
1 51 0.0011774
1 52 0
1 53 0
1 54 0
1 55 0
1 56 0
1 57 0
1 58 0
1 59 0
1 60 0
1 61 0
1 62 0
1 63 0
1 64 0
1 65 0
1 66 0
1 67 0
1 68 0
1 69 0
1 70 0
1 71 0
1 72 0
1 73 0
1 74 0
1 75 0
1 76 0
1 77 0
1 78 0
1 79 0
1 80 0
1 81 0.00413627
1 82 0.0071876
1 83 0
1 84 0.00402141
1 85 0
1 86 0.00169563
1 87 0.0107735
1 88 0.00842532
1 89 0.00668843
1 90 0.011225
1 91 0.0179879
1 92 0.0307375
1 93 0.033033
1 94 0.0357969
1 95 0.0344011
1 96 0.041413
1 97 0.0412491
1 98 0.0539684
1 99 0.0589356
1 100 0.0745206
1 101 0.0608786
1 102 0.0798956
1 103 0.0833512
1 104 0.0961763
1 105 0.0988274
1 106 0.0988807
1 107 0.114845
1 108 0.151603
1 109 0.178253
1 110 0.194879
1 111 0.203867
1 112 0.21885
1 113 0.18966
1 114 0.268414
1 115 0.280044
1 116 0.315541
1 117 0.361572
1 118 0.39774
1 119 0.40595
1 120 0.450371
1 121 0.396293
1 122 0.453549
1 123 0.469398
1 124 0.484844
1 125 0.472429
1 126 0.494084
1 127 0.469524
1 128 0.444536
1 129 0.463363
1 130 0.436401
1 131 0.426896
1 132 0.404855
1 133 0.384719
1 134 0.424383
1 135 0.422155
1 136 0.432413
1 137 0.371046
1 138 0.326938
1 139 0.30706
1 140 0.33339
2 1 0.503955
2 2 1
2 3 0.468826
2 4 0.49796
2 5 0.558719
2 6 0.622812
2 7 0.466821
2 8 0.595255
2 9 0.566602
2 10 0.492868
2 11 0.460942
2 12 0.730465
2 13 0.472594
2 14 0.517171
2 15 0.503268
2 16 0.680524
2 17 0.464704
2 18 0.499159
2 19 0.544083
2 20 0.558254
2 21 0.458793
2 22 0.61681
2 23 0.464818
2 24 0.472546
2 25 0.466096
2 26 0.407919
2 27 0.379932
2 28 0.334354
2 29 0.277615
2 30 0.278467
2 31 0.242045
2 32 0.233133
2 33 0.206457
2 34 0.198077
2 35 0.150651
2 36 0.138823
2 37 0.129178
2 38 0.121516
2 39 0.118912
2 40 0.0688512
2 41 0.0402015
2 42 0.023872
2 43 0.0212006
2 44 0.0160453
2 45 0.0186981
2 46 0.0162722
2 47 0.00456166
2 48 0.00361884
2 49 0.00370286
2 50 0
2 51 0
2 52 0
2 53 0
2 54 0
2 55 0
2 56 0.00242179
2 57 0
2 58 0.00370041
2 59 0.0026522
2 60 0
2 61 0
2 62 0
2 63 0
2 64 0
2 65 0
2 66 0
2 67 0
2 68 0
2 69 0
2 70 0
2 71 0
2 72 0
2 73 0
2 74 0
2 75 0
2 76 0
2 77 0
2 78 0
2 79 0
2 80 0
2 81 0
2 82 0.000970619
2 83 0.00413627
2 84 0
2 85 0.004375
2 86 0.00411114
2 87 0.00936084
2 88 0.00721267
2 89 0.00639571
2 90 0.0240751
2 91 0.0266277
2 92 0.0165887
2 93 0.0347694
2 94 0.0373552
2 95 0.0371412
2 96 0.031368
2 97 0.0499139
2 98 0.0520333
2 99 0.0864281
2 100 0.0701905
2 101 0.0651294
2 102 0.0782167
2 103 0.061631
2 104 0.0719548
2 105 0.0923868
2 106 0.10584
2 107 0.120559
2 108 0.186129
2 109 0.177131
2 110 0.216153
2 111 0.220035
2 112 0.250349
2 113 0.259761
2 114 0.256276
2 115 0.313509
2 116 0.337919
2 117 0.385672
2 118 0.366614
2 119 0.413881
2 120 0.405147
2 121 0.466179
2 122 0.455223
2 123 0.418686
2 124 0.472989
2 125 0.462742
2 126 0.466428
2 127 0.46025
2 128 0.440303
2 129 0.433668
2 130 0.429696
2 131 0.422761
2 132 0.399524
2 133 0.397692
2 134 0.434306
2 135 0.457952
2 136 0.410647
2 137 0.367546
2 138 0.336169
2 139 0.304738
2 140 0.331762
3 1 0.513092
3 2 0.468826
3 3 1
3 4 0.446755
3 5 0.510029
3 6 0.509253
3 7 0.581398
3 8 0.457888
3 9 0.549333
3 10 0.534973
3 11 0.488341
3 12 0.444576
3 13 0.719464
3 14 0.512647
3 15 0.525971
3 16 0.473706
3 17 0.686353
3 18 0.478953
3 19 0.469047
3 20 0.52059
3 21 0.555532
3 22 0.44757
3 23 0.467792
3 24 0.503729
3 25 0.425814
3 26 0.355203
3 27 0.339886
3 28 0.331377
3 29 0.302559
3 30 0.284038
3 31 0.260763
3 32 0.222543
3 33 0.226082
3 34 0.17959
3 35 0.161314
3 36 0.147321
3 37 0.131041
3 38 0.133
3 39 0.109324
3 40 0.0585815
3 41 0.0500306
3 42 0.0205432
3 43 0.0302514
3 44 0.0228668
3 45 0.0195259
3 46 0.0114629
3 47 0.00477095
3 48 0.0101953
3 49 0
3 50 0.00547165
3 51 0.00265179
3 52 0
3 53 0.0023604
3 54 0
3 55 0
3 56 0
3 57 0.00238455
3 58 0
3 59 0
3 60 0
3 61 0
3 62 0
3 63 0
3 64 0
3 65 0
3 66 0
3 67 0
3 68 0
3 69 0
3 70 0
3 71 0
3 72 0
3 73 0
3 74 0
3 75 0
3 76 0
3 77 0
3 78 0
3 79 0
3 80 0
3 81 0
3 82 0
3 83 0
3 84 0.00268538
3 85 0.00402141
3 86 0.00809791
3 87 0.000792618
3 88 0.0046576
3 89 0.00491601
3 90 0.0123958
3 91 0.00742877
3 92 0.0203195
3 93 0.0233205
3 94 0.0346322
3 95 0.026251
3 96 0.0363177
3 97 0.0487359
3 98 0.0596154
3 99 0.0564042
3 100 0.0883167
3 101 0.0878217
3 102 0.0845683
3 103 0.0535274
3 104 0.0768381
3 105 0.0948687
3 106 0.0847106
3 107 0.135062
3 108 0.141433
3 109 0.201278
3 110 0.227258
3 111 0.220994
3 112 0.235487
3 113 0.264092
3 114 0.263464
3 115 0.322945
3 116 0.320062
3 117 0.398006
3 118 0.364363
3 119 0.419208
3 120 0.394375
3 121 0.392684
3 122 0.420547
3 123 0.468747
3 124 0.466617
3 125 0.449585
3 126 0.461794
3 127 0.428641
3 128 0.45098
3 129 0.453371
3 130 0.433487
3 131 0.41614
3 132 0.385429
3 133 0.388325
3 134 0.389946
3 135 0.430026
3 136 0.431407
3 137 0.39827
3 138 0.319218
3 139 0.294679
3 140 0.315112
4 1 0.537948
4 2 0.49796
4 3 0.446755
4 4 1
4 5 0.469481
4 6 0.493996
4 7 0.512976
4 8 0.592723
4 9 0.451446
4 10 0.543644
4 11 0.534111
4 12 0.517265
4 13 0.439992
4 14 0.691096
4 15 0.53275
4 16 0.51818
4 17 0.498883
4 18 0.672917
4 19 0.436299
4 20 0.516785
4 21 0.53926
4 22 0.552475
4 23 0.495518
4 24 0.44192
4 25 0.464401
4 26 0.374078
4 27 0.365289
4 28 0.313189
4 29 0.339088
4 30 0.301771
4 31 0.246326
4 32 0.223749
4 33 0.209018
4 34 0.173954
4 35 0.164185
4 36 0.156409
4 37 0.137699
4 38 0.122588
4 39 0.109389
4 40 0.0639666
4 41 0.0347506
4 42 0.0286709
4 43 0.0182467
4 44 0.00642163
4 45 0.00715058
4 46 0.00962272
4 47 0.00424956
4 48 0.0040625
4 49 0.00299774
4 50 0
4 51 0.00190542
4 52 0
4 53 0
4 54 0
4 55 0
4 56 0
4 57 0
4 58 0
4 59 0
4 60 0
4 61 0
4 62 0
4 63 0
4 64 0
4 65 0
4 66 0
4 67 0
4 68 0
4 69 0
4 70 0
4 71 0
4 72 0
4 73 0
4 74 0
4 75 0
4 76 0
4 77 0
4 78 0
4 79 0
4 80 0.00398843
4 81 0
4 82 0
4 83 0
4 84 0
4 85 0.00525674
4 86 0.00909634
4 87 0.00434863
4 88 0.00529815
4 89 0.0121368
4 90 0.0150215
4 91 0.0154045
4 92 0.0284496
4 93 0.0292268
4 94 0.0353421
4 95 0.0217118
4 96 0.0329232
4 97 0.034416
4 98 0.0464433
4 99 0.0494734
4 100 0.0607694
4 101 0.0713798
4 102 0.0710526
4 103 0.0715555
4 104 0.0876322
4 105 0.0984613
4 106 0.109959
4 107 0.141773
4 108 0.17334
4 109 0.2066
4 110 0.189665
4 111 0.226878
4 112 0.240409
4 113 0.279235
4 114 0.260361
4 115 0.28531
4 116 0.323729
4 117 0.372049
4 118 0.37188
4 119 0.376325
4 120 0.409226
4 121 0.421041
4 122 0.436449
4 123 0.455541
4 124 0.433861
4 125 0.416149
4 126 0.450466
4 127 0.428553
4 128 0.445351
4 129 0.417314
4 130 0.4217
4 131 0.397368
4 132 0.35793
4 133 0.398997
4 134 0.416909
4 135 0.441011
4 136 0.402324
4 137 0.390539
4 138 0.34573
4 139 0.330768
4 140 0.325765
5 1 0.581408
5 2 0.558719
5 3 0.510029
5 4 0.469481
5 5 1
5 6 0.524114
5 7 0.4893
5 8 0.519286
5 9 0.590457
5 10 0.470462
5 11 0.557325
5 12 0.58893
5 13 0.515068
5 14 0.452002
5 15 0.684184
5 16 0.533745
5 17 0.474017
5 18 0.49311
5 19 0.712737
5 20 0.48267
5 21 0.515565
5 22 0.531545
5 23 0.444043
5 24 0.513191
5 25 0.429789
5 26 0.401881
5 27 0.341843
5 28 0.332137
5 29 0.320974
5 30 0.293276
5 31 0.246968
5 32 0.18952
5 33 0.188755
5 34 0.174696
5 35 0.155216
5 36 0.0925575
5 37 0.118766
5 38 0.105696
5 39 0.0721188
5 40 0.067865
5 41 0.0319654
5 42 0.0307926
5 43 0.0291463
5 44 0.0152987
5 45 0.0103671
5 46 0.012789
5 47 0.00237881
5 48 0.00187049
5 49 0.00413627
5 50 0.00405032
5 51 0
5 52 0
5 53 0
5 54 0.000898017
5 55 0.000386765
5 56 0.005
5 57 0
5 58 0
5 59 0
5 60 0
5 61 0
5 62 0
5 63 0
5 64 0
5 65 0
5 66 0
5 67 0
5 68 0
5 69 0
5 70 0
5 71 0
5 72 0
5 73 0
5 74 0
5 75 0
5 76 0
5 77 0
5 78 0
5 79 0
5 80 0.005
5 81 0.00148472
5 82 0
5 83 0
5 84 0.000162644
5 85 0.00520006
5 86 0.00426777
5 87 0.0140884
5 88 0.00831809
5 89 0.0133672
5 90 0.0165485
5 91 0.0288408
5 92 0.0230794
5 93 0.0353397
5 94 0.0376244
5 95 0.0348343
5 96 0.0469673
5 97 0.042717
5 98 0.0448416
5 99 0.0683
5 100 0.080847
5 101 0.0665355
5 102 0.0772105
5 103 0.0852877
5 104 0.0955014
5 105 0.11123
5 106 0.104359
5 107 0.132836
5 108 0.204683
5 109 0.202306
5 110 0.247334
5 111 0.258288
5 112 0.289795
5 113 0.310809
5 114 0.283713
5 115 0.368201
5 116 0.378924
5 117 0.368253
5 118 0.383087
5 119 0.424108
5 120 0.44907
5 121 0.455776
5 122 0.402798
5 123 0.459632
5 124 0.477736
5 125 0.442629
5 126 0.47528
5 127 0.481187
5 128 0.448848
5 129 0.458112
5 130 0.426552
5 131 0.397483
5 132 0.405816
5 133 0.40624
5 134 0.405028
5 135 0.41835
5 136 0.414858
5 137 0.391497
5 138 0.344324
5 139 0.316072
5 140 0.307365
6 1 0.458547
6 2 0.622812
6 3 0.509253
6 4 0.493996
6 5 0.524114
6 6 1
6 7 0.455366
6 8 0.508711
6 9 0.518388
6 10 0.577484
6 11 0.449329
6 12 0.546245
6 13 0.544801
6 14 0.496925
6 15 0.487976
6 16 0.727847
6 17 0.522024
6 18 0.467888
6 19 0.507855
6 20 0.624295
6 21 0.458844
6 22 0.471012
6 23 0.502926
6 24 0.496184
6 25 0.421855
6 26 0.423254
6 27 0.335518
6 28 0.335718
6 29 0.337493
6 30 0.306027
6 31 0.243623
6 32 0.197522
6 33 0.216169
6 34 0.154984
6 35 0.174931
6 36 0.101826
6 37 0.120492
6 38 0.115481
6 39 0.0801268
6 40 0.0629605
6 41 0.0544394
6 42 0.0121651
6 43 0.0108314
6 44 0.0107246
6 45 0.0174214
6 46 0.00947292
6 47 0.00452535
6 48 0.00212631
6 49 0.0044859
6 50 0.00653511
6 51 0.00678607
6 52 0
6 53 0.00217785
6 54 0.00305395
6 55 0.00300718
6 56 0
6 57 0.00173253
6 58 0.00261279
6 59 0.00283937
6 60 0.004375
6 61 0
6 62 0
6 63 0
6 64 0
6 65 0
6 66 0
6 67 0
6 68 0
6 69 0
6 70 0
6 71 0
6 72 0
6 73 0
6 74 0
6 75 0
6 76 0
6 77 0
6 78 0
6 79 0
6 80 0
6 81 0.00258209
6 82 0
6 83 0
6 84 0.00290328
6 85 0.000564578
6 86 0
6 87 0.00292839
6 88 0.00982144
6 89 0.00360086
6 90 0.0183061
6 91 0.014012
6 92 0.0302496
6 93 0.0325998
6 94 0.0360212
6 95 0.0215023
6 96 0.0362546
6 97 0.0535943
6 98 0.0615863
6 99 0.0590687
6 100 0.0616444
6 101 0.0723673
6 102 0.0591413
6 103 0.0798707
6 104 0.0718909
6 105 0.0936003
6 106 0.0892818
6 107 0.105405
6 108 0.188643
6 109 0.196028
6 110 0.210156
6 111 0.221514
6 112 0.241213
6 113 0.239992
6 114 0.257797
6 115 0.333229
6 116 0.383999
6 117 0.389426
6 118 0.419009
6 119 0.425934
6 120 0.410029
6 121 0.422719
6 122 0.437347
6 123 0.4174
6 124 0.447726
6 125 0.456214
6 126 0.431579
6 127 0.426316
6 128 0.445361
6 129 0.443298
6 130 0.439927
6 131 0.413211
6 132 0.389006
6 133 0.400574
6 134 0.388937
6 135 0.409185
6 136 0.458729
6 137 0.356692
6 138 0.358625
6 139 0.303373
6 140 0.340232
7 1 0.576884
7 2 0.466821
7 3 0.581398
7 4 0.512976
7 5 0.4893
7 6 0.455365
7 7 1
7 8 0.501798
7 9 0.502153
7 10 0.530048
7 11 0.580437
7 12 0.474222
7 13 0.52375
7 14 0.543641
7 15 0.515652
7 16 0.421714
7 17 0.705212
7 18 0.555684
7 19 0.465878
7 20 0.478758
7 21 0.727145
7 22 0.463461
7 23 0.481382
7 24 0.468265
7 25 0.462805
7 26 0.383815
7 27 0.354157
7 28 0.35193
7 29 0.327399
7 30 0.297012
7 31 0.28462
7 32 0.224543
7 33 0.208598
7 34 0.164689
7 35 0.17977
7 36 0.147087
7 37 0.139518
7 38 0.124524
7 39 0.0985656
7 40 0.0846519
7 41 0.0425089
7 42 0.0258607
7 43 0.023232
7 44 0.0250741
7 45 0.0128073
7 46 0.0208304
7 47 0.00804905
7 48 0.0116343
7 49 0.00654437
7 50 0.00452567
7 51 0.00190835
7 52 0.00413627
7 53 0.000206175
7 54 0
7 55 0.000320033
7 56 0.00426777
7 57 0
7 58 0
7 59 0
7 60 0.00267342
7 61 0
7 62 0
7 63 0
7 64 0
7 65 0
7 66 0
7 67 0
7 68 0
7 69 0
7 70 0
7 71 0
7 72 0
7 73 0
7 74 0
7 75 0
7 76 0
7 77 0
7 78 0
7 79 0
7 80 0.00376574
7 81 0.00282426
7 82 0
7 83 0.000390018
7 84 0
7 85 0.00830294
7 86 0.00774418
7 87 0.00630967
7 88 0.0034605
7 89 0.010414
7 90 0.0134583
7 91 0.0199173
7 92 0.0165435
7 93 0.0283421
7 94 0.0249808
7 95 0.0366625
7 96 0.0321586
7 97 0.0449559
7 98 0.0456465
7 99 0.051911
7 100 0.0529153
7 101 0.0455272
7 102 0.048516
7 103 0.0647455
7 104 0.0833538
7 105 0.0744974
7 106 0.086026
7 107 0.11676
7 108 0.147302
7 109 0.186694
7 110 0.182451
7 111 0.172238
7 112 0.239478
7 113 0.224768
7 114 0.243161
7 115 0.28949
7 116 0.292147
7 117 0.355953
7 118 0.331335
7 119 0.385105
7 120 0.441124
7 121 0.405034
7 122 0.421339
7 123 0.494271
7 124 0.456902
7 125 0.441436
7 126 0.450332
7 127 0.435324
7 128 0.443787
7 129 0.42675
7 130 0.403793
7 131 0.397932
7 132 0.394109
7 133 0.416947
7 134 0.413068
7 135 0.436996
7 136 0.390083
7 137 0.383298
7 138 0.333441
7 139 0.330906
7 140 0.315514
8 1 0.565729
8 2 0.595256
8 3 0.457888
8 4 0.592723
8 5 0.519286
8 6 0.508711
8 7 0.501798
8 8 1
8 9 0.465906
8 10 0.497483
8 11 0.498344
8 12 0.620828
8 13 0.472274
8 14 0.566968
8 15 0.545966
8 16 0.495452
8 17 0.465145
8 18 0.715509
8 19 0.465906
8 20 0.507514
8 21 0.491474
8 22 0.711019
8 23 0.450163
8 24 0.452412
8 25 0.444734
8 26 0.393722
8 27 0.349848
8 28 0.345643
8 29 0.325536
8 30 0.290669
8 31 0.254914
8 32 0.239417
8 33 0.207794
8 34 0.191873
8 35 0.164876
8 36 0.139055
8 37 0.140238
8 38 0.10744
8 39 0.105925
8 40 0.0641147
8 41 0.0456294
8 42 0.0268121
8 43 0.0310307
8 44 0.0151556
8 45 0.0130688
8 46 0.0124241
8 47 0.00551848
8 48 0.00704547
8 49 0.00238323
8 50 0.00612053
8 51 5.89355e-05
8 52 0.000670316
8 53 0.00472942
8 54 0.00233149
8 55 0.000283472
8 56 0.00680961
8 57 0.00227921
8 58 0
8 59 0
8 60 0
8 61 0
8 62 0
8 63 0
8 64 0
8 65 0
8 66 0
8 67 0
8 68 0
8 69 0
8 70 0
8 71 0
8 72 0
8 73 0
8 74 0
8 75 0
8 76 0
8 77 0
8 78 0
8 79 0
8 80 0.00107036
8 81 0
8 82 0
8 83 0
8 84 0.00205159
8 85 0
8 86 0.00202172
8 87 0.00634166
8 88 0.00147361
8 89 0.00978702
8 90 0.0102034
8 91 0.0190377
8 92 0.0299758
8 93 0.0210106
8 94 0.0457605
8 95 0.0366504
8 96 0.0468207
8 97 0.0390463
8 98 0.0614176
8 99 0.0561668
8 100 0.0676181
8 101 0.0742925
8 102 0.070142
8 103 0.075794
8 104 0.0940978
8 105 0.0849006
8 106 0.0891931
8 107 0.10857
8 108 0.143971
8 109 0.183777
8 110 0.18015
8 111 0.22199
8 112 0.214169
8 113 0.222412
8 114 0.234018
8 115 0.297258
8 116 0.296534
8 117 0.341935
8 118 0.373309
8 119 0.366255
8 120 0.429453
8 121 0.450717
8 122 0.440374
8 123 0.488227
8 124 0.461255
8 125 0.433572
8 126 0.484277
8 127 0.463019
8 128 0.412857
8 129 0.438841
8 130 0.452337
8 131 0.366322
8 132 0.347889
8 133 0.421448
8 134 0.388328
8 135 0.444659
8 136 0.405246
8 137 0.398794
8 138 0.324982
8 139 0.28368
8 140 0.342585
9 1 0.513429
9 2 0.566602
9 3 0.549333
9 4 0.451446
9 5 0.590457
9 6 0.518388
9 7 0.502153
9 8 0.465906
9 9 1
9 10 0.479412
9 11 0.467106
9 12 0.499561
9 13 0.590386
9 14 0.461478
9 15 0.552197
9 16 0.571515
9 17 0.513074
9 18 0.42601
9 19 0.681604
9 20 0.470161
9 21 0.477385
9 22 0.484954
9 23 0.506441
9 24 0.469197
9 25 0.43897
9 26 0.424594
9 27 0.343054
9 28 0.347189
9 29 0.295233
9 30 0.289002
9 31 0.246367
9 32 0.241755
9 33 0.208422
9 34 0.181183
9 35 0.145899
9 36 0.124954
9 37 0.133524
9 38 0.126415
9 39 0.0993361
9 40 0.0933643
9 41 0.0444385
9 42 0.0232195
9 43 0.0323592
9 44 0.0179733
9 45 0.00880734
9 46 0.00593897
9 47 0.000447733
9 48 0
9 49 0
9 50 0
9 51 0
9 52 0
9 53 0
9 54 0
9 55 0
9 56 0
9 57 0.00107369
9 58 0
9 59 0.00413627
9 60 0
9 61 0
9 62 0
9 63 0
9 64 0
9 65 0
9 66 0
9 67 0
9 68 0
9 69 0
9 70 0
9 71 0
9 72 0
9 73 0
9 74 0
9 75 0
9 76 0
9 77 0
9 78 0
9 79 0
9 80 0
9 81 0.00472285
9 82 0.00317075
9 83 0
9 84 0
9 85 0.00247914
9 86 0.00629684
9 87 0.00697931
9 88 0.00863416
9 89 0.0112892
9 90 0.0203158
9 91 0.0205689
9 92 0.0281102
9 93 0.0262677
9 94 0.0456479
9 95 0.0260014
9 96 0.0433561
9 97 0.0640087
9 98 0.0518548
9 99 0.0667996
9 100 0.0711517
9 101 0.0745458
9 102 0.0747906
9 103 0.0739884
9 104 0.0763101
9 105 0.0962355
9 106 0.078598
9 107 0.129129
9 108 0.191562
9 109 0.197353
9 110 0.183459
9 111 0.241875
9 112 0.252198
9 113 0.245066
9 114 0.286188
9 115 0.304197
9 116 0.340214
9 117 0.40027
9 118 0.343394
9 119 0.430974
9 120 0.385345
9 121 0.434725
9 122 0.402665
9 123 0.460235
9 124 0.474588
9 125 0.475512
9 126 0.436178
9 127 0.406263
9 128 0.436866
9 129 0.468448
9 130 0.412313
9 131 0.392972
9 132 0.37217
9 133 0.380675
9 134 0.359462
9 135 0.416352
9 136 0.418071
9 137 0.383942
9 138 0.331213
9 139 0.318067
9 140 0.327763
10 1 0.475135
10 2 0.492868
10 3 0.534973
10 4 0.543644
10 5 0.470462
10 6 0.577484
10 7 0.530048
10 8 0.497483
10 9 0.479412
10 10 1
10 11 0.494804
10 12 0.487774
10 13 0.514219
10 14 0.603412
10 15 0.495557
10 16 0.544273
10 17 0.533699
10 18 0.484833
10 19 0.461609
10 20 0.66917
10 21 0.520635
10 22 0.473665
10 23 0.503663
10 24 0.495064
10 25 0.433062
10 26 0.374931
10 27 0.332809
10 28 0.326534
10 29 0.298548
10 30 0.291084
10 31 0.244034
10 32 0.201263
10 33 0.204616
10 34 0.172654
10 35 0.158824
10 36 0.103188
10 37 0.0951341
10 38 0.0951233
10 39 0.0910013
10 40 0.0477326
10 41 0.047816
10 42 0.0150763
10 43 0.0225336
10 44 0.017647
10 45 0.00828661
10 46 0.0116871
10 47 0.00052778
10 48 0.00413627
10 49 0.00513986
10 50 0.00862853
10 51 0.00108275
10 52 0
10 53 0.000407493
10 54 0
10 55 0.0040625
10 56 0.00210266
10 57 0.000749013
10 58 0
10 59 0.00216101
10 60 0
10 61 0
10 62 0
10 63 0
10 64 0
10 65 0
10 66 0
10 67 0
10 68 0
10 69 0
10 70 0
10 71 0
10 72 0
10 73 0
10 74 0
10 75 0
10 76 0
10 77 0
10 78 0
10 79 0
10 80 0.00426777
10 81 0.00250918
10 82 0
10 83 0
10 84 0
10 85 0
10 86 0.00456208
10 87 0.00363987
10 88 0.00856649
10 89 0.00940804
10 90 0.0200667
10 91 0.0195892
10 92 0.0284591
10 93 0.0378662
10 94 0.0333204
10 95 0.0355946
10 96 0.0408609
10 97 0.0465987
10 98 0.04443
10 99 0.0554173
10 100 0.0585383
10 101 0.068932
10 102 0.0809829
10 103 0.0983335
10 104 0.109675
10 105 0.113729
10 106 0.101505
10 107 0.129406
10 108 0.2077
10 109 0.206699
10 110 0.230645
10 111 0.260274
10 112 0.273285
10 113 0.274389
10 114 0.265942
10 115 0.352896
10 116 0.372667
10 117 0.373897
10 118 0.418279
10 119 0.418547
10 120 0.448062
10 121 0.451887
10 122 0.419396
10 123 0.413723
10 124 0.454795
10 125 0.478387
10 126 0.453088
10 127 0.445016
10 128 0.454596
10 129 0.453857
10 130 0.414758
10 131 0.428366
10 132 0.374061
10 133 0.405021
10 134 0.422849
10 135 0.437522
10 136 0.398364
10 137 0.369719
10 138 0.306469
10 139 0.314038
10 140 0.322013
11 1 0.74011
11 2 0.460942
11 3 0.488341
11 4 0.534111
11 5 0.557325
11 6 0.449329
11 7 0.580437
11 8 0.498345
11 9 0.467106
11 10 0.494804
11 11 1
11 12 0.481872
11 13 0.492545
11 14 0.541908
11 15 0.599757
11 16 0.454131
11 17 0.539532
11 18 0.535223
11 19 0.500052
11 20 0.435531
11 21 0.700364
11 22 0.497373
11 23 0.451787
11 24 0.459015
11 25 0.42208
11 26 0.405401
11 27 0.387745
11 28 0.322877
11 29 0.315021
11 30 0.306019
11 31 0.283828
11 32 0.240505
11 33 0.1935
11 34 0.156517
11 35 0.150239
11 36 0.13333
11 37 0.134602
11 38 0.11127
11 39 0.0846579
11 40 0.0754796
11 41 0.0476025
11 42 0.0197314
11 43 0.02748
11 44 0.0130371
11 45 0.0131021
11 46 0.0115337
11 47 0.0102358
11 48 0.00827254
11 49 0.00486068
11 50 0
11 51 0.00413627
11 52 0.000375409
11 53 0.00170485
11 54 0
11 55 0
11 56 0
11 57 0
11 58 0
11 59 0
11 60 0
11 61 0
11 62 0
11 63 0
11 64 0
11 65 0
11 66 0
11 67 0
11 68 0
11 69 0
11 70 0
11 71 0
11 72 0
11 73 0
11 74 0
11 75 0
11 76 0
11 77 0
11 78 0
11 79 0
11 80 0
11 81 0.00426777
11 82 0.000341447
11 83 0
11 84 0
11 85 0.000198685
11 86 0.00536644
11 87 0.0130659
11 88 0.00741678
11 89 0.00894641
11 90 0.00831997
11 91 0.0157147
11 92 0.0267265
11 93 0.0229452
11 94 0.0313839
11 95 0.0237364
11 96 0.0292814
11 97 0.0356212
11 98 0.0500285
11 99 0.0494927
11 100 0.0676206
11 101 0.0467925
11 102 0.067825
11 103 0.0720671
11 104 0.100638
11 105 0.0918319
11 106 0.0717902
11 107 0.107829
11 108 0.153588
11 109 0.176849
11 110 0.187372
11 111 0.190624
11 112 0.239324
11 113 0.246192
11 114 0.246845
11 115 0.280644
11 116 0.30088
11 117 0.350741
11 118 0.379826
11 119 0.399549
11 120 0.415565
11 121 0.364984
11 122 0.400658
11 123 0.415489
11 124 0.439108
11 125 0.4894
11 126 0.495174
11 127 0.468384
11 128 0.433309
11 129 0.433023
11 130 0.432194
11 131 0.388935
11 132 0.376121
11 133 0.398431
11 134 0.38878
11 135 0.411232
11 136 0.425965
11 137 0.39264
11 138 0.324496
11 139 0.284048
11 140 0.315685
12 1 0.516833
12 2 0.730465
12 3 0.444576
12 4 0.517265
12 5 0.58893
12 6 0.546245
12 7 0.474222
12 8 0.620828
12 9 0.499562
12 10 0.487774
12 11 0.481872
12 12 1
12 13 0.467987
12 14 0.495824
12 15 0.526098
12 16 0.578266
12 17 0.476277
12 18 0.544512
12 19 0.550179
12 20 0.516573
12 21 0.460845
12 22 0.694519
12 23 0.447786
12 24 0.466001
12 25 0.436045
12 26 0.387176
12 27 0.391402
12 28 0.321984
12 29 0.289572
12 30 0.283627
12 31 0.234434
12 32 0.219257
12 33 0.22612
12 34 0.179155
12 35 0.152954
12 36 0.1488
12 37 0.11556
12 38 0.107284
12 39 0.110707
12 40 0.0564329
12 41 0.0586207
12 42 0.0317237
12 43 0.0252777
12 44 0.0187486
12 45 0.0115316
12 46 0.0137669
12 47 0.00532252
12 48 0
12 49 0.00275171
12 50 0.000758562
12 51 0
12 52 0
12 53 0
12 54 1.17654e-06
12 55 0
12 56 0
12 57 0
12 58 0
12 59 0
12 60 0
12 61 0
12 62 0
12 63 0
12 64 0
12 65 0
12 66 0
12 67 0
12 68 0
12 69 0
12 70 0
12 71 0
12 72 0
12 73 0
12 74 0
12 75 0
12 76 0
12 77 0
12 78 0
12 79 0
12 80 0
12 81 0.00315728
12 82 8.18009e-05
12 83 0.00256345
12 84 0
12 85 0.00583308
12 86 0.000224092
12 87 0.000836984
12 88 0.00691294
12 89 0.00339835
12 90 0.0151616
12 91 0.0234262
12 92 0.0170152
12 93 0.0404348
12 94 0.0404852
12 95 0.037765
12 96 0.0259818
12 97 0.054958
12 98 0.0619654
12 99 0.0624028
12 100 0.0588578
12 101 0.0526594
12 102 0.069686
12 103 0.0710952
12 104 0.0819145
12 105 0.0946129
12 106 0.0993711
12 107 0.109716
12 108 0.174968
12 109 0.188563
12 110 0.20428
12 111 0.246168
12 112 0.270953
12 113 0.272925
12 114 0.260252
12 115 0.331022
12 116 0.300901
12 117 0.378511
12 118 0.340205
12 119 0.379835
12 120 0.439696
12 121 0.477836
12 122 0.485768
12 123 0.473984
12 124 0.471048
12 125 0.447863
12 126 0.46227
12 127 0.472255
12 128 0.465264
12 129 0.457018
12 130 0.42864
12 131 0.436251
12 132 0.35755
12 133 0.401005
12 134 0.398487
12 135 0.3914
12 136 0.416037
12 137 0.404488
12 138 0.295846
12 139 0.309391
12 140 0.320288
13 1 0.494158
13 2 0.472594
13 3 0.719464
13 4 0.439992
13 5 0.515068
13 6 0.544801
13 7 0.52375
13 8 0.472274
13 9 0.590386
13 10 0.514219
13 11 0.492545
13 12 0.467987
13 13 1
13 14 0.490158
13 15 0.498692
13 16 0.54037
13 17 0.584498
13 18 0.472685
13 19 0.501438
13 20 0.536294
13 21 0.521582
13 22 0.451486
13 23 0.534672
13 24 0.497189
13 25 0.422107
13 26 0.398344
13 27 0.357711
13 28 0.345835
13 29 0.292796
13 30 0.294456
13 31 0.23963
13 32 0.210018
13 33 0.158323
13 34 0.177204
13 35 0.169251
13 36 0.12359
13 37 0.116631
13 38 0.114645
13 39 0.109526
13 40 0.0485438
13 41 0.0365191
13 42 0.0271143
13 43 0.0205944
13 44 0.0153999
13 45 0.0134515
13 46 0.0117258
13 47 0.00190353
13 48 0.00413627
13 49 0
13 50 0.00398843
13 51 0
13 52 0
13 53 0
13 54 0
13 55 0
13 56 0
13 57 0.00217295
13 58 0
13 59 0.00230815
13 60 0
13 61 0
13 62 0
13 63 0
13 64 0
13 65 0
13 66 0
13 67 0
13 68 0
13 69 0
13 70 0
13 71 0
13 72 0
13 73 0
13 74 0
13 75 0
13 76 0
13 77 0
13 78 0
13 79 0
13 80 0
13 81 0.00283705
13 82 0
13 83 0.00136216
13 84 0
13 85 0.00268944
13 86 0.00723284
13 87 0.00509833
13 88 0.0105719
13 89 0.0175124
13 90 0.011809
13 91 0.0262043
13 92 0.0183242
13 93 0.0281642
13 94 0.0394783
13 95 0.0293884
13 96 0.0410835
13 97 0.0486686
13 98 0.0582718
13 99 0.0711243
13 100 0.0727301
13 101 0.0822815
13 102 0.082157
13 103 0.0862019
13 104 0.0960808
13 105 0.116099
13 106 0.134988
13 107 0.139182
13 108 0.196927
13 109 0.210023
13 110 0.214838
13 111 0.242907
13 112 0.2531
13 113 0.278878
13 114 0.309047
13 115 0.316516
13 116 0.375109
13 117 0.343078
13 118 0.376818
13 119 0.426132
13 120 0.417448
13 121 0.432633
13 122 0.42071
13 123 0.455903
13 124 0.463184
13 125 0.45641
13 126 0.474957
13 127 0.393156
13 128 0.428822
13 129 0.446725
13 130 0.416097
13 131 0.436798
13 132 0.362089
13 133 0.377086
13 134 0.391769
13 135 0.445049
13 136 0.427452
13 137 0.383773
13 138 0.308301
13 139 0.300773
13 140 0.306568
14 1 0.502914
14 2 0.517171
14 3 0.512647
14 4 0.691096
14 5 0.452002
14 6 0.496926
14 7 0.543641
14 8 0.566968
14 9 0.461478
14 10 0.603412
14 11 0.541908
14 12 0.495824
14 13 0.490158
14 14 1
14 15 0.501614
14 16 0.530336
14 17 0.537544
14 18 0.621599
14 19 0.401082
14 20 0.529786
14 21 0.539888
14 22 0.521913
14 23 0.495361
14 24 0.448957
14 25 0.461334
14 26 0.41428
14 27 0.387886
14 28 0.351361
14 29 0.307219
14 30 0.308451
14 31 0.210396
14 32 0.210419
14 33 0.197014
14 34 0.168203
14 35 0.140488
14 36 0.119721
14 37 0.113069
14 38 0.100121
14 39 0.0986768
14 40 0.0506461
14 41 0.0503614
14 42 0.0274909
14 43 0.0207967
14 44 0.0154441
14 45 0.00987792
14 46 0.0121228
14 47 0.00413627
14 48 0.00413627
14 49 0.00483075
14 50 0.00426777
14 51 0.00204305
14 52 0.000692294
14 53 0
14 54 0.00115646
14 55 0
14 56 0.00416667
14 57 0.00402141
14 58 0
14 59 0
14 60 0
14 61 0
14 62 0
14 63 0
14 64 0
14 65 0
14 66 0
14 67 0
14 68 0
14 69 0
14 70 0
14 71 0
14 72 0
14 73 0
14 74 0
14 75 0
14 76 0
14 77 0
14 78 0
14 79 0
14 80 0
14 81 0.00213149
14 82 0.00324731
14 83 0
14 84 0
14 85 0
14 86 0.00385921
14 87 0.00478494
14 88 0.00405032
14 89 0.00609742
14 90 0.0108054
14 91 0.0195875
14 92 0.0205666
14 93 0.0269686
14 94 0.0391948
14 95 0.031343
14 96 0.0326964
14 97 0.0510742
14 98 0.0544565
14 99 0.0588089
14 100 0.0605009
14 101 0.0721489
14 102 0.0777767
14 103 0.0832438
14 104 0.0745558
14 105 0.0820186
14 106 0.107847
14 107 0.106066
14 108 0.137274
14 109 0.166525
14 110 0.174965
14 111 0.222073
14 112 0.251409
14 113 0.26859
14 114 0.248295
14 115 0.308619
14 116 0.316975
14 117 0.357983
14 118 0.395728
14 119 0.381741
14 120 0.440441
14 121 0.394479
14 122 0.386181
14 123 0.471816
14 124 0.469678
14 125 0.482271
14 126 0.476885
14 127 0.480206
14 128 0.454623
14 129 0.442766
14 130 0.423823
14 131 0.390739
14 132 0.397506
14 133 0.348167
14 134 0.402976
14 135 0.441545
14 136 0.416705
14 137 0.378909
14 138 0.340984
14 139 0.345039
14 140 0.321257
15 1 0.669445
15 2 0.503268
15 3 0.525971
15 4 0.53275
15 5 0.684184
15 6 0.487976
15 7 0.515652
15 8 0.545966
15 9 0.552197
15 10 0.495557
15 11 0.599757
15 12 0.526098
15 13 0.498692
15 14 0.501614
15 15 1
15 16 0.519761
15 17 0.494277
15 18 0.522901
15 19 0.560587
15 20 0.458631
15 21 0.529713
15 22 0.568539
15 23 0.440088
15 24 0.488848
15 25 0.437362
15 26 0.393589
15 27 0.343594
15 28 0.342931
15 29 0.292805
15 30 0.295712
15 31 0.259833
15 32 0.212729
15 33 0.194793
15 34 0.151783
15 35 0.156002
15 36 0.0989492
15 37 0.121109
15 38 0.119103
15 39 0.0881424
15 40 0.0670737
15 41 0.0530395
15 42 0.0324953
15 43 0.0316016
15 44 0.005
15 45 0.00511839
15 46 0.0124659
15 47 0.0079347
15 48 0.004375
15 49 0.00205905
15 50 0
15 51 0.0020635
15 52 0
15 53 0
15 54 0
15 55 0
15 56 0
15 57 0
15 58 0
15 59 0
15 60 0
15 61 0
15 62 0
15 63 0
15 64 0
15 65 0
15 66 0
15 67 0
15 68 0
15 69 0
15 70 0
15 71 0
15 72 0
15 73 0
15 74 0
15 75 0
15 76 0
15 77 0
15 78 0
15 79 0
15 80 0.00311736
15 81 0
15 82 0
15 83 0
15 84 0
15 85 0.004375
15 86 0.00413627
15 87 0.00773947
15 88 0.00613815
15 89 0.00998791
15 90 0.00841557
15 91 0.0180191
15 92 0.030213
15 93 0.0345185
15 94 0.0234322
15 95 0.0174706
15 96 0.0333454
15 97 0.036112
15 98 0.0569668
15 99 0.0575935
15 100 0.0628274
15 101 0.0567333
15 102 0.0796394
15 103 0.0651764
15 104 0.0731585
15 105 0.102345
15 106 0.0656641
15 107 0.123528
15 108 0.150357
15 109 0.198989
15 110 0.229038
15 111 0.241417
15 112 0.283003
15 113 0.284976
15 114 0.280049
15 115 0.344255
15 116 0.337698
15 117 0.36954
15 118 0.421449
15 119 0.409287
15 120 0.446596
15 121 0.429878
15 122 0.478611
15 123 0.486379
15 124 0.471875
15 125 0.481089
15 126 0.478117
15 127 0.499274
15 128 0.462886
15 129 0.47105
15 130 0.428402
15 131 0.437532
15 132 0.406284
15 133 0.438836
15 134 0.443607
15 135 0.408694
15 136 0.414178
15 137 0.384528
15 138 0.308141
15 139 0.318239
15 140 0.322798
16 1 0.471279
16 2 0.680524
16 3 0.473706
16 4 0.51818
16 5 0.533745
16 6 0.727847
16 7 0.421714
16 8 0.495452
16 9 0.571515
16 10 0.544273
16 11 0.454131
16 12 0.578266
16 13 0.54037
16 14 0.530336
16 15 0.519761
16 16 1
16 17 0.482155
16 18 0.450434
16 19 0.54172
16 20 0.567761
16 21 0.446809
16 22 0.520592
16 23 0.47712
16 24 0.485851
16 25 0.460213
16 26 0.394457
16 27 0.332763
16 28 0.329529
16 29 0.323942
16 30 0.283858
16 31 0.216758
16 32 0.203892
16 33 0.183312
16 34 0.175695
16 35 0.156297
16 36 0.119838
16 37 0.136856
16 38 0.122987
16 39 0.0888997
16 40 0.0690578
16 41 0.0562748
16 42 0.0329225
16 43 0.0293879
16 44 0.0238573
16 45 0.0154367
16 46 0.0124838
16 47 0.00239011
16 48 0.00551748
16 49 0.00554487
16 50 0.00836343
16 51 0
16 52 0
16 53 0.00122323
16 54 0
16 55 0
16 56 0
16 57 0.00317358
16 58 0
16 59 0.00298724
16 60 0
16 61 0
16 62 0
16 63 0
16 64 0
16 65 0
16 66 0
16 67 0
16 68 0
16 69 0
16 70 0
16 71 0
16 72 0
16 73 0
16 74 0
16 75 0
16 76 0
16 77 0
16 78 0
16 79 0
16 80 0
16 81 0.0034922
16 82 0
16 83 0
16 84 0
16 85 2.47296e-06
16 86 0
16 87 0.00402141
16 88 0.00408681
16 89 0.00577145
16 90 0.0126525
16 91 0.0130165
16 92 0.0258078
16 93 0.0300602
16 94 0.0249418
16 95 0.0319374
16 96 0.0300621
16 97 0.0475327
16 98 0.0485689
16 99 0.0636127
16 100 0.074148
16 101 0.0714354
16 102 0.0840092
16 103 0.0744189
16 104 0.0733763
16 105 0.102845
16 106 0.0914407
16 107 0.112121
16 108 0.182205
16 109 0.169565
16 110 0.168854
16 111 0.210032
16 112 0.265435
16 113 0.269241
16 114 0.26183
16 115 0.303976
16 116 0.361387
16 117 0.376033
16 118 0.408281
16 119 0.439229
16 120 0.433358
16 121 0.433121
16 122 0.447754
16 123 0.457625
16 124 0.458223
16 125 0.437529
16 126 0.432771
16 127 0.455608
16 128 0.445883
16 129 0.468195
16 130 0.431118
16 131 0.410856
16 132 0.359798
16 133 0.386188
16 134 0.387987
16 135 0.420829
16 136 0.429754
16 137 0.384538
16 138 0.320665
16 139 0.29125
16 140 0.332949
17 1 0.524219
17 2 0.464704
17 3 0.686353
17 4 0.498883
17 5 0.474017
17 6 0.522024
17 7 0.705212
17 8 0.465145
17 9 0.513074
17 10 0.533699
17 11 0.539532
17 12 0.476276
17 13 0.584498
17 14 0.537545
17 15 0.494277
17 16 0.482155
17 17 1
17 18 0.472769
17 19 0.47769
17 20 0.489833
17 21 0.597152
17 22 0.451507
17 23 0.474669
17 24 0.464246
17 25 0.469434
17 26 0.393253
17 27 0.367076
17 28 0.325309
17 29 0.286982
17 30 0.268065
17 31 0.228363
17 32 0.232119
17 33 0.225743
17 34 0.17739
17 35 0.177822
17 36 0.132363
17 37 0.131776
17 38 0.114236
17 39 0.0927773
17 40 0.0427043
17 41 0.0437197
17 42 0.0250368
17 43 0.043984
17 44 0.0226032
17 45 0.0129145
17 46 0.0185086
17 47 0.00876788
17 48 0.00416667
17 49 0
17 50 0.00426777
17 51 0.0040625
17 52 0
17 53 0
17 54 0.00505491
17 55 0
17 56 0.000438347
17 57 0.00264942
17 58 0
17 59 0
17 60 0
17 61 0
17 62 0
17 63 0
17 64 0
17 65 0
17 66 0
17 67 0
17 68 0
17 69 0
17 70 0
17 71 0
17 72 0
17 73 0
17 74 0
17 75 0
17 76 0
17 77 0
17 78 0
17 79 0
17 80 0
17 81 0
17 82 0
17 83 0.00200753
17 84 0
17 85 0.00405032
17 86 0.0040625
17 87 0.000353325
17 88 0.00463854
17 89 0.0105112
17 90 0.004375
17 91 0.0156328
17 92 0.0247553
17 93 0.0231838
17 94 0.0261322
17 95 0.0202017
17 96 0.0362734
17 97 0.0525167
17 98 0.0534924
17 99 0.0582872
17 100 0.064844
17 101 0.0805231
17 102 0.0866149
17 103 0.0904488
17 104 0.0893866
17 105 0.100863
17 106 0.0890895
17 107 0.145427
17 108 0.164543
17 109 0.177137
17 110 0.205568
17 111 0.238958
17 112 0.249412
17 113 0.260738
17 114 0.229027
17 115 0.297703
17 116 0.314021
17 117 0.357458
17 118 0.358153
17 119 0.416065
17 120 0.44024
17 121 0.422535
17 122 0.438513
17 123 0.487078
17 124 0.445462
17 125 0.440306
17 126 0.462751
17 127 0.443842
17 128 0.435703
17 129 0.465658
17 130 0.425833
17 131 0.396323
17 132 0.397853
17 133 0.3951
17 134 0.384287
17 135 0.416502
17 136 0.454424
17 137 0.387991
17 138 0.335678
17 139 0.288033
17 140 0.317306
18 1 0.570661
18 2 0.499159
18 3 0.478953
18 4 0.672917
18 5 0.49311
18 6 0.467888
18 7 0.555684
18 8 0.715509
18 9 0.42601
18 10 0.484833
18 11 0.535223
18 12 0.544512
18 13 0.472685
18 14 0.621599
18 15 0.522901
18 16 0.450434
18 17 0.472769
18 18 1
18 19 0.425068
18 20 0.469017
18 21 0.538487
18 22 0.562885
18 23 0.472863
18 24 0.45639
18 25 0.483174
18 26 0.392473
18 27 0.350758
18 28 0.354968
18 29 0.291999
18 30 0.282561
18 31 0.234341
18 32 0.222525
18 33 0.182018
18 34 0.178408
18 35 0.131308
18 36 0.131112
18 37 0.108087
18 38 0.106511
18 39 0.102833
18 40 0.058131
18 41 0.0473056
18 42 0.0323797
18 43 0.0326085
18 44 0.0190243
18 45 0.00945146
18 46 0.00982512
18 47 0.00279546
18 48 0.00450542
18 49 0.00129534
18 50 0.00139834
18 51 0.00413627
18 52 0
18 53 0
18 54 0.00285126
18 55 0.000791711
18 56 0.00237549
18 57 0.00018526
18 58 0
18 59 0
18 60 0
18 61 0
18 62 0
18 63 0
18 64 0
18 65 0
18 66 0
18 67 0
18 68 0
18 69 0
18 70 0
18 71 0
18 72 0
18 73 0
18 74 0
18 75 0
18 76 0
18 77 0
18 78 0
18 79 0
18 80 0
18 81 0
18 82 0.00405032
18 83 0
18 84 0
18 85 0.00254907
18 86 0.00240496
18 87 0.00578352
18 88 0.00616984
18 89 0.00405032
18 90 0.00794835
18 91 0.0150745
18 92 0.0190291
18 93 0.0395476
18 94 0.0202392
18 95 0.0349613
18 96 0.0377012
18 97 0.0544686
18 98 0.0563954
18 99 0.0497433
18 100 0.0592587
18 101 0.0534655
18 102 0.0723242
18 103 0.0682521
18 104 0.0787593
18 105 0.0862376
18 106 0.0563733
18 107 0.105054
18 108 0.163818
18 109 0.200631
18 110 0.194023
18 111 0.236126
18 112 0.24466
18 113 0.248901
18 114 0.242246
18 115 0.32135
18 116 0.343975
18 117 0.384946
18 118 0.383457
18 119 0.402977
18 120 0.451044
18 121 0.427958
18 122 0.432146
18 123 0.453373
18 124 0.462767
18 125 0.483083
18 126 0.451355
18 127 0.470937
18 128 0.422531
18 129 0.461576
18 130 0.392682
18 131 0.388978
18 132 0.395504
18 133 0.393131
18 134 0.409634
18 135 0.425558
18 136 0.354453
18 137 0.389621
18 138 0.33182
18 139 0.275814
18 140 0.308337
19 1 0.549789
19 2 0.544083
19 3 0.469047
19 4 0.436299
19 5 0.712737
19 6 0.507855
19 7 0.465878
19 8 0.465906
19 9 0.681605
19 10 0.461609
19 11 0.500052
19 12 0.550179
19 13 0.501438
19 14 0.401082
19 15 0.560587
19 16 0.54172
19 17 0.47769
19 18 0.425069
19 19 1
19 20 0.487503
19 21 0.472189
19 22 0.506633
19 23 0.459958
19 24 0.47487
19 25 0.41363
19 26 0.381424
19 27 0.369306
19 28 0.306473
19 29 0.31231
19 30 0.286587
19 31 0.248547
19 32 0.189071
19 33 0.218405
19 34 0.163536
19 35 0.162297
19 36 0.139762
19 37 0.133358
19 38 0.113798
19 39 0.0943528
19 40 0.0843446
19 41 0.0565241
19 42 0.0333556
19 43 0.0293589
19 44 0.0123674
19 45 0.00669031
19 46 0.017154
19 47 0.00211393
19 48 0.00684135
19 49 0.00481778
19 50 0
19 51 0.00087605
19 52 0
19 53 0
19 54 0
19 55 0.00413627
19 56 0.000689121
19 57 0.00295632
19 58 0
19 59 0
19 60 0
19 61 0
19 62 0
19 63 0
19 64 0
19 65 0
19 66 0
19 67 0
19 68 0
19 69 0
19 70 0
19 71 0
19 72 0
19 73 0
19 74 0
19 75 0
19 76 0
19 77 0
19 78 0
19 79 0.004375
19 80 0
19 81 0.00736244
19 82 0.000763002
19 83 0.00405032
19 84 0
19 85 0.00245631
19 86 0.00413627
19 87 0.00310856
19 88 0.00831286
19 89 0.00951829
19 90 0.0152608
19 91 0.0289443
19 92 0.0242812
19 93 0.0253293
19 94 0.0372648
19 95 0.0402731
19 96 0.045233
19 97 0.0510035
19 98 0.0535248
19 99 0.0604917
19 100 0.0859833
19 101 0.0767383
19 102 0.0688869
19 103 0.081381
19 104 0.101903
19 105 0.0925866
19 106 0.0955166
19 107 0.11732
19 108 0.167884
19 109 0.155964
19 110 0.190349
19 111 0.221949
19 112 0.247751
19 113 0.26251
19 114 0.26085
19 115 0.317646
19 116 0.350094
19 117 0.361001
19 118 0.3498
19 119 0.373814
19 120 0.390448
19 121 0.427795
19 122 0.442958
19 123 0.452069
19 124 0.467742
19 125 0.457442
19 126 0.446406
19 127 0.449009
19 128 0.44383
19 129 0.432185
19 130 0.443847
19 131 0.373558
19 132 0.400462
19 133 0.426935
19 134 0.378085
19 135 0.406857
19 136 0.429244
19 137 0.369727
19 138 0.343469
19 139 0.316847
19 140 0.28262
20 1 0.468768
20 2 0.558254
20 3 0.52059
20 4 0.516785
20 5 0.48267
20 6 0.624295
20 7 0.478758
20 8 0.507514
20 9 0.470161
20 10 0.66917
20 11 0.435531
20 12 0.516573
20 13 0.536294
20 14 0.529786
20 15 0.458631
20 16 0.567761
20 17 0.489833
20 18 0.469017
20 19 0.487503
20 20 1
20 21 0.472849
20 22 0.492023
20 23 0.463703
20 24 0.45873
20 25 0.415697
20 26 0.375645
20 27 0.384478
20 28 0.348082
20 29 0.247953
20 30 0.239005
20 31 0.221144
20 32 0.158473
20 33 0.181731
20 34 0.166545
20 35 0.136341
20 36 0.0988353
20 37 0.112318
20 38 0.111759
20 39 0.0817615
20 40 0.0591793
20 41 0.0495404
20 42 0.0263581
20 43 0.0189129
20 44 0.00916707
20 45 0.0152879
20 46 0.0192708
20 47 0.00421918
20 48 0.00567316
20 49 0.00710008
20 50 0.00554959
20 51 0.00116401
20 52 0.000819976
20 53 0.000347965
20 54 0.00091567
20 55 0
20 56 0.00342784
20 57 0
20 58 0
20 59 0
20 60 0
20 61 0
20 62 0
20 63 0
20 64 0
20 65 0
20 66 0
20 67 0
20 68 0
20 69 0
20 70 0
20 71 0
20 72 0
20 73 0
20 74 0
20 75 0
20 76 0
20 77 0
20 78 0
20 79 0
20 80 0.000517743
20 81 0
20 82 0
20 83 0.00402141
20 84 0
20 85 0.00416667
20 86 0.00924506
20 87 0.0125707
20 88 0.0126011
20 89 0.0109704
20 90 0.0170748
20 91 0.0217316
20 92 0.0379367
20 93 0.0393299
20 94 0.0302122
20 95 0.0428878
20 96 0.0395343
20 97 0.0470108
20 98 0.0518136
20 99 0.0844785
20 100 0.0794117
20 101 0.0704327
20 102 0.0652331
20 103 0.0921988
20 104 0.101438
20 105 0.0952577
20 106 0.107181
20 107 0.103654
20 108 0.162492
20 109 0.185462
20 110 0.235664
20 111 0.235169
20 112 0.244136
20 113 0.233186
20 114 0.268527
20 115 0.292867
20 116 0.310403
20 117 0.368942
20 118 0.333116
20 119 0.426129
20 120 0.406885
20 121 0.408343
20 122 0.40174
20 123 0.426192
20 124 0.434269
20 125 0.43535
20 126 0.414148
20 127 0.415925
20 128 0.393385
20 129 0.403318
20 130 0.435241
20 131 0.383403
20 132 0.377239
20 133 0.372739
20 134 0.374848
20 135 0.360852
20 136 0.412684
20 137 0.367047
20 138 0.311179
20 139 0.282485
20 140 0.276693
21 1 0.622384
21 2 0.458793
21 3 0.555532
21 4 0.53926
21 5 0.515565
21 6 0.458844
21 7 0.727145
21 8 0.491474
21 9 0.477385
21 10 0.520635
21 11 0.700364
21 12 0.460845
21 13 0.521582
21 14 0.539888
21 15 0.529713
21 16 0.446809
21 17 0.597152
21 18 0.538487
21 19 0.472189
21 20 0.472849
21 21 1
21 22 0.500518
21 23 0.465818
21 24 0.49957
21 25 0.430628
21 26 0.381268
21 27 0.365125
21 28 0.323837
21 29 0.303819
21 30 0.284865
21 31 0.249491
21 32 0.229582
21 33 0.221509
21 34 0.181797
21 35 0.153795
21 36 0.13412
21 37 0.127419
21 38 0.121913
21 39 0.0971708
21 40 0.0665199
21 41 0.0381473
21 42 0.0176419
21 43 0.0331723
21 44 0.0133137
21 45 0.0121735
21 46 0.01375
21 47 0.0037546
21 48 0.00988105
21 49 0.0040625
21 50 0
21 51 0.00413388
21 52 0.000708081
21 53 0
21 54 0
21 55 0
21 56 0
21 57 0
21 58 0
21 59 0
21 60 0
21 61 0
21 62 0
21 63 0
21 64 0
21 65 0
21 66 0
21 67 0
21 68 0
21 69 0
21 70 0
21 71 0
21 72 0
21 73 0
21 74 0
21 75 0
21 76 0
21 77 0
21 78 0
21 79 0
21 80 0.00416667
21 81 0.004375
21 82 0
21 83 0
21 84 0
21 85 0.00571414
21 86 0.00230876
21 87 0.00572314
21 88 0.00989459
21 89 0.0125742
21 90 0.0143581
21 91 0.0188993
21 92 0.0171983
21 93 0.0409911
21 94 0.0289238
21 95 0.0387681
21 96 0.0436103
21 97 0.0606896
21 98 0.058319
21 99 0.0646761
21 100 0.0830398
21 101 0.058798
21 102 0.0913013
21 103 0.0862036
21 104 0.103112
21 105 0.0963683
21 106 0.10095
21 107 0.110621
21 108 0.17693
21 109 0.203122
21 110 0.195864
21 111 0.220453
21 112 0.274565
21 113 0.24227
21 114 0.264934
21 115 0.320067
21 116 0.334361
21 117 0.374453
21 118 0.372321
21 119 0.419861
21 120 0.441532
21 121 0.427268
21 122 0.464338
21 123 0.438142
21 124 0.477196
21 125 0.455261
21 126 0.44811
21 127 0.48398
21 128 0.436642
21 129 0.440024
21 130 0.409486
21 131 0.431834
21 132 0.389145
21 133 0.392941
21 134 0.410892
21 135 0.41678
21 136 0.357803
21 137 0.386749
21 138 0.337571
21 139 0.309711
21 140 0.356381
22 1 0.5428
22 2 0.61681
22 3 0.44757
22 4 0.552475
22 5 0.531545
22 6 0.471012
